-10.20936 10.01128 -0.6112003
-9.698739 11.51501 0.03089914
-9.854545 12.19769 0.507782
-9.662785 12.58105 0.9800629
-9.751358 12.96782 1.438818
-10.0052 8.9425 1.923858
-9.875961 12.11551 2.563928
-9.306196 11.27791 -0.963604
-9.270543 11.32849 -0.6652876
-8.826296 12.01244 -0.08800726
-9.138581 12.58269 0.51394
-9.116673 12.77279 0.8814101
-8.929554 12.75719 1.431585
-9.12309 12.75022 2.024689
-8.921966 12.80942 2.617143
-8.843056 12.9739 3.176464
-9.033465 12.76177 3.589019
-9.326003 9.287814 4.038927
-8.159712 10.97971 -1.698347
-8.231408 11.46068 -0.8073908
-8.329741 11.56472 -0.5143907
-8.292109 11.30651 0.05678736
-8.317664 12.01374 0.3159078
-8.061853 12.21914 0.8448841
-8.284226 12.82455 1.550174
-8.120852 12.80158 2.145667
-8.289843 13.10253 2.42134
-8.023067 13.38933 3.102083
-7.932072 13.83175 3.50489
-8.156906 13.87309 4.082766
-7.851515 13.58451 4.349754
-8.036261 5.626537 -2.691514
-7.918237 5.993194 -1.953439
-7.943405 6.000175 -1.580937
-7.475514 11.92435 -0.9094307
-7.120049 12.82809 -0.4178824
-7.295929 11.4717 -0.1417418
-7.25514 12.29892 0.6137995
-7.172601 12.33614 1.04462
-7.389447 12.25926 1.725388
-7.387969 12.62502 1.900223
-7.296987 12.35405 2.647624
-7.915381 6.431389 3.357347
-7.206707 13.75648 3.66953
-7.225963 13.76166 4.028792
-7.559986 11.90575 4.49826
-7.46498 12.0206 5.017797
-7.454438 11.50576 5.374805
-6.61804 10.38357 -2.468176
-7.140257 5.927223 -2.288088
-6.341348 13.28703 -1.362739
-6.292165 13.70799 -0.9494288
-6.363496 13.56012 -0.3081831
-6.40674 13.89664 0.03247356
-6.492186 14.01329 0.3084976
-6.452866 12.32161 1.121686
-6.226441 14.23701 1.621439
-6.281456 14.56125 1.971288
-7.098447 6.729221 3.206882
-6.125396 15.24948 3.499743
-6.360144 15.42404 3.770967
-6.38512 15.8554 4.436862
-6.151059 15.86914 4.865515
-6.222026 15.67485 5.322309
-5.980577 8.788246 -6.36201
-5.906212 9.446441 -5.781003
-5.844047 8.621361 -5.43856
-5.84011 9.283408 -4.62427
-5.82811 9.611455 -4.194391
-5.819685 10.65102 -3.504112
-5.920963 10.70916 -3.066611
-5.727078 10.57859 -2.420319
-5.939419 6.98167 -1.579025
-5.557982 13.07031 -0.859846
-5.529989 13.31896 -0.3757262
-5.766933 13.42917 -0.08723649
-5.644697 13.59073 0.4669903
-5.756707 12.50803 0.9527484
-5.547798 11.70946 1.611317
-5.645924 11.45982 2.201685
-5.622291 11.47554 2.541688
-5.8834 11.69085 3.057421
-5.46328 15.60207 3.208916
-5.545209 16.05634 3.785215
-5.262493 16.27419 4.226295
-5.392963 16.13376 4.843596
-5.582081 16.75093 5.401324
-5.526795 16.19438 5.834209
-5.073636 7.39105 -8.08628
-5.146115 8.653542 -7.308439
-5.235618 8.575531 -7.037387
-5.14922 8.798384 -6.212773
-4.945422 9.228569 -5.852745
-5.299573 9.164805 -5.13896
-5.01704 9.553831 -4.648306
-4.956738 10.39507 -4.29686
-4.810854 10.66328 -3.64052
-5.143486 10.68276 -3.047472
-4.986629 10.58691 -2.663359
-5.154318 9.356429 -1.996135
-5.186762 9.242554 -1.50986
-4.58651 15.35088 -1.049346
-4.825632 9.776066 -0.4327923
-4.667264 12.89781 0.01429131
-4.827885 12.90303 0.354311
-5.019485 11.58032 0.8697953
-4.850565 12.5314 1.495911
-4.858351 12.88595 1.977852
-4.808544 12.83991 2.610959
-4.974091 11.62447 2.824994
-4.870397 16.06721 3.372223
-4.648796 16.1245 3.687785
-4.852746 16.19946 4.378064
-4.471533 16.84884 4.944529
-4.771816 17.23038 5.250653
-4.84512 16.5617 5.771741
-4.08652 8.511476 -7.814795
-4.157088 8.811261 -7.488592
-4.392166 8.813125 -6.897995
-4.040499 9.005801 -6.257115
-4.381646 8.757552 -5.598639
-4.293857 8.788118 -5.049168
-4.141474 8.24171 -4.940018
-4.336639 7.033781 -4.31793
-4.340085 5.817352 -4.030634
-4.269103 10.13956 -3.168536
-3.908503 15.45829 -2.525286
-4.089827 15.70189 -2.029567
-3.9961 15.47263 -1.445138
-4.047024 15.54124 -0.9349138
-4.05057 15.41196 -0.4762575
-4.344671 6.777975 0.6382254
-4.136058 12.40579 0.9995498
-4.069957 12.38453 1.640409
-4.15294 12.42479 2.007691
-3.837882 13.7179 2.356182
-3.842167 15.92465 2.765304
-4.060572 15.21108 3.293677
-4.123811 16.10815 3.866946
-3.902596 16.39781 4.391851
-3.76825 16.81463 4.937912
-3.936625 16.88223 5.502614
-3.777301 17.23613 5.594177
-3.719361 17.2255 6.272362
-3.966789 15.93435 6.683029
-3.543079 7.670825 -7.768515
-3.485345 7.673651 -7.459621
-3.421377 8.352205 -6.950807
-3.401852 8.083394 -6.283305
-3.060391 17.16263 -5.119771
-3.022687 17.56137 -4.830525
-2.949783 17.95861 -4.05856
-3.046178 17.74475 -3.915202
-3.095267 18.05812 -3.466312
-3.004768 16.7864 -2.798849
-3.009124 17.35308 -2.341262
-3.174152 15.90709 -1.943859
-3.118635 16.32931 -1.282126
-3.053108 16.09452 -0.8445615
-3.10143 15.98505 -0.4069312
-2.938664 16.10256 0.05300025
-3.67003 6.888433 0.4541643
-3.317443 12.78158 0.8934091
-3.188415 12.16612 1.395335
-3.294068 14.28436 2.002127
-2.979839 16.27984 2.397631
-3.219187 15.57606 3.041683
-3.376639 14.88586 3.453454
-3.220179 14.50673 3.947007
-3.085436 15.55502 4.367302
-3.024665 15.73878 4.886058
-3.060055 16.65156 5.224004
-3.072983 16.23261 6.009917
-3.196416 15.87669 6.458076
-3.261173 9.52945 7.358671
-3.319254 9.536872 7.884602
-3.378031 7.961709 9.02916
-3.44712 7.918788 9.728801
-2.465454 6.723311 -7.377152
-2.439604 14.55136 -6.255804
-2.424976 14.45219 -5.79097
-2.400813 18.08303 -5.330467
-2.259896 18.26833 -4.634992
-2.37786 18.37069 -4.082018
-2.168828 18.12188 -3.822208
-2.373721 18.04012 -3.53208
-2.34637 17.51721 -2.71139
-2.375702 17.25111 -2.294745
-2.247377 17.17707 -1.741484
-2.438874 16.53704 -1.434195
-2.344177 16.86553 -0.8221689
-2.470352 16.83147 -0.3693798
-2.41253 16.36612 -0.1651772
-2.329915 14.58259 0.5868603
-2.532312 9.047115 0.8572154
-2.283557 14.11917 1.438529
-2.398914 13.28515 2.196937
-2.564509 15.3831 2.334997
-2.254459 15.40716 2.851026
-2.608002 13.45 3.411175
-2.196645 14.91842 3.914466
-2.463675 16.09555 4.310324
-2.322064 15.86653 4.940157
-2.382743 16.42471 5.407529
-2.318588 14.35957 5.900926
-2.478096 16.65366 6.21397
-2.572927 16.26354 6.703079
-2.692912 8.633465 8.058919
-2.534686 8.692765 8.666288
-2.59247 9.990827 8.773314
-2.657461 9.622929 9.335847
-2.521174 7.868295 9.953354
-1.62318 5.744109 -8.764895
-1.868812 6.62739 -7.929698
-1.668752 14.4705 -6.391966
-1.703526 14.6739 -6.108385
-1.369848 17.60326 -5.065206
-1.453698 18.28078 -4.801236
-1.530704 18.30154 -4.343125
-1.719868 18.43743 -3.809093
-1.634631 17.31103 -3.284857
-1.600776 17.50326 -2.818683
-1.554132 17.46324 -2.302268
-1.542883 17.97424 -1.988964
-1.628088 16.80252 -1.236877
-1.534918 18.39719 -1.105074
-1.406897 15.93682 -0.4387955
-1.688623 16.2683 -0.05476078
-1.719159 16.5584 0.4516553
-1.594224 14.6785 1.027156
-1.897327 9.962694 1.59182
-1.459839 9.721538 2.097597
-1.786773 12.69986 2.431997
-1.856094 10.95087 3.050254
-1.607933 12.35549 3.674507
-1.505394 14.47922 3.888245
-1.412363 12.31868 4.545466
-1.38469 15.79963 4.780524
-1.55356 16.5664 5.091357
-1.478595 16.60152 5.619985
-1.78879 16.42386 6.210762
-1.415852 15.7083 6.693019
-1.641205 15.64577 7.43225
-1.498535 15.24117 7.79024
-1.590748 10.06357 8.705504
-1.581875 10.15694 9.337449
-1.622051 8.634776 10.14516
-0.8024355 6.135878 -8.653455
-0.9599462 13.78586 -7.497204
-0.9105762 14.2674 -6.765566
-0.6487945 14.17944 -6.345156
-0.5906891 13.50447 -6.030251
-0.9222316 17.78448 -5.074348
-0.7324421 18.32403 -4.70082
-0.6987486 18.337 -4.264819
-0.8253598 18.17819 -3.784971
-0.9555207 17.61798 -3.380397
-0.7108219 17.67527 -3.055676
-0.8755362 17.75681 -2.550789
-0.833226 18.29575 -1.782966
-0.893358 18.38442 -1.249375
-0.7421249 18.43714 -0.7721518
-0.9179988 14.76875 -0.544153
-0.9851546 16.17892 -0.1133911
-0.8331037 16.24806 0.39213
-0.8844135 14.38896 1.043283
-0.6676176 16.02105 1.292123
-0.786486 5.394808 2.919949
-1.06265 5.198222 3.167564
-0.7752557 12.77892 3.688298
-0.6958159 15.11255 3.813252
-0.898673 14.6881 4.302327
-0.8629431 15.54568 4.853428
-0.6355425 15.99416 5.28961
-0.8997409 16.00908 5.847695
-0.9652198 16.14228 6.298689
-0.9103457 16.2123 6.594658
-0.8950329 15.85125 7.272475
-0.7772302 15.12551 7.708364
-0.6088331 14.75251 8.49618
-0.8829983 9.781881 9.468
-0.8573686 9.436297 9.730464
0.04541543 14.05138 -7.594775
-0.0976343 14.32405 -6.846133
-0.094537 14.09821 -6.282626
0.03361877 15.38234 -5.820654
0.09562987 14.94589 -5.345045
0.1446405 17.56352 -4.64314
0.06327256 17.92553 -4.191156
0.0991604 17.88515 -3.65098
0.09349233 17.82789 -3.221838
0.1487812 17.6307 -2.725269
0.0001503365 17.65797 -2.340949
-0.1434637 18.01982 -1.811267
0.08115138 17.87053 -1.412513
-0.1364377 16.28631 -1.119462
0.2145427 17.32123 -0.4138218
-0.02841439 18.43017 -0.1810625
-0.2054202 16.06495 0.6189132
0.0351091 16.22078 1.043287
-0.17641 16.49794 1.481838
0.02785852 16.35673 1.719057
-0.1359185 13.74488 2.582125
-0.1217029 14.3366 3.122238
-0.00701924 14.48548 3.259192
-0.04170966 15.11809 3.969199
-0.07347161 15.32116 4.612407
-0.1435612 15.277 4.887523
-0.04948518 15.14197 5.368023
-0.2286097 16.11988 5.832952
0.0181595 15.81758 6.199413
-0.1765786 15.97038 6.788931
-0.0407423 15.84295 7.352761
-0.0780161 15.06695 7.625406
-0.03284077 9.013309 8.757883
0.194141 8.644799 9.45286
-0.08485302 8.387662 9.961714
0.887175 14.31949 -6.860863
0.6937144 14.96326 -6.238927
0.6333976 15.37936 -5.880283
0.5613108 15.1022 -5.408044
0.9049602 17.85617 -4.816915
0.7833571 18.05033 -4.092702
0.6434034 18.12907 -3.804653
0.7501873 18.34199 -3.224608
0.6761505 17.78721 -2.914273
0.6327771 17.05408 -2.367379
0.5588636 17.11369 -2.024869
0.7547529 17.297 -1.555581
0.8597676 18.57769 -1.028154
0.8813729 18.55626 -0.5116403
0.8265338 18.65138 0.03006975
0.7367839 18.47989 0.632847
0.6020147 16.38554 1.057572
0.955627 15.83335 1.569886
0.6496162 13.66019 2.180212
0.854956 17.034 2.581862
0.7447492 17.49432 2.693648
0.7966635 15.25469 3.602213
0.6840481 16.80598 4.011095
0.8559334 16.21785 4.396883
0.7152349 13.32297 4.934578
0.765223 15.34085 5.285274
0.6962093 15.86608 5.615678
0.745018 16.04636 6.206333
0.817945 16.52151 6.814634
0.9562605 16.55777 7.240961
0.7460137 16.5758 7.73429
0.6429145 16.14197 8.257247
0.8623907 9.126649 9.564694
0.8115058 8.314148 10.19197
1.692348 14.11821 -6.909247
1.641579 14.72972 -6.497591
1.492817 14.68786 -6.024579
1.690391 14.63023 -5.516508
1.756569 14.19515 -5.002544
1.734028 17.98854 -4.218506
1.588908 18.28298 -3.748056
1.582849 18.34201 -3.218409
1.517084 17.64421 -2.768713
1.553428 17.44823 -2.324494
1.709257 16.6626 -1.765527
1.71366 16.63527 -1.584209
1.575671 17.25445 -1.162987
1.390297 17.02332 -0.5357619
1.458052 16.83575 0.08430916
1.453104 17.39742 0.3104358
1.657806 17.92065 0.8098954
1.351404 17.90214 1.35112
1.617245 18.09393 1.959581
1.404677 17.7138 2.417273
1.530522 16.80157 3.067099
1.529575 16.68394 3.201602
1.518585 14.65888 3.891841
1.50807 14.82038 4.575395
1.771306 14.48354 4.965782
1.503954 15.70647 5.44934
1.561662 16.15767 5.975391
1.489414 16.54175 6.432036
1.514094 16.5612 6.807164
1.677545 16.64872 7.304554
1.547428 16.73379 7.4614
1.759512 8.954695 8.91835
1.540296 8.835385 9.400175
1.575061 8.537982 10.039
2.362338 14.13148 -6.702809
2.313354 14.4592 -6.478765
2.472079 15.13007 -5.963239
2.165765 14.54976 -5.411653
2.623793 14.45174 -4.972623
2.482542 14.36707 -4.567731
2.410837 17.96883 -3.597677
2.096714 18.16878 -3.451506
2.266201 18.26745 -2.818205
2.324212 17.32699 -2.267776
2.227241 16.67593 -1.738511
2.327712 15.01712 -1.398027
2.373596 16.58388 -0.9019001
2.577607 7.915951 -0.5774862
2.417433 17.89968 -0.06828211
2.430573 17.69053 0.5767624
2.196653 18.33359 0.8445157
2.290311 18.29741 1.218493
2.317707 18.26606 2.092834
2.138258 18.06794 2.286886
2.203709 17.98927 2.760715
2.276863 16.60735 3.335673
2.333759 15.6364 3.674388
2.250152 15.96246 4.557286
2.256029 17.12388 4.656456
2.440444 17.02932 5.26934
2.454126 16.48558 5.658361
2.509732 9.010216 6.766744
2.311297 16.16059 6.934192
2.40171 16.2126 7.275423
2.477399 15.98044 7.791519
3.24655 14.84943 -6.460882
3.304849 14.69553 -5.877353
3.188856 14.23599 -5.458749
3.452848 8.964214 -5.11069
3.266302 14.09129 -4.350946
3.143977 14.63817 -3.851567
3.227021 14.88702 -3.261228
3.147223 14.51655 -2.858796
3.19865 11.08699 -2.645358
3.396126 8.372375 -1.479921
3.293792 16.93142 -1.002557
3.230424 16.35697 -0.4870957
3.115584 17.96037 -0.2034649
3.148843 18.1158 0.5524092
3.10031 18.21885 1.017382
3.213255 18.33158 1.400988
3.018946 18.19507 1.674433
3.1043 13.3878 2.608186
2.906421 16.03807 2.876408
3.125479 15.90151 3.56572
3.124649 15.82715 4.07751
3.18373 15.56328 4.197247
3.185152 17.10117 4.899416
3.014856 16.89484 5.102262
3.203418 16.40421 5.879958
3.445684 4.628974 7.176826
4.126589 10.21806 -5.86267
4.199357 10.54031 -5.149632
4.327633 8.703602 -4.891907
4.076138 9.999159 -3.992816
4.238332 11.46642 -3.573967
4.17902 11.63295 -2.982004
4.14115 11.41047 -2.419288
4.028906 10.99855 -1.990294
4.197256 10.93315 -1.569423
4.47471 8.361427 -0.9345453
4.143085 10.09755 -0.4342688
4.182697 9.782743 -0.1278561
4.172791 9.991794 0.4421493
3.99829 13.6084 2.064377
4.20417 13.22078 2.400667
4.194361 13.15916 3.138167
4.004969 15.84843 3.247498
3.744355 15.61363 3.788101
3.832575 12.97361 4.521119
5.092999 9.949478 -6.126104
5.169984 10.33784 -5.612577
5.009105 10.10966 -5.37837
4.882298 10.31394 -4.58893
5.120231 9.654032 -4.203008
4.882035 10.28243 -3.492537
4.89255 9.476125 -3.269395
5.192615 10.93524 -2.528931
4.878324 10.8516 -2.018056
5.001942 9.727629 -0.5098623
4.978839 9.714178 0.2085689
4.920617 9.464017 0.3480727
4.905311 9.753023 0.9943272
5.271732 9.53725 1.603085
5.90861 9.34765 -6.314973
5.827609 10.11129 -5.573239
5.986728 10.33243 -5.144416
6.055851 10.00637 -4.750643
5.853017 10.1871 -4.074892
6.015296 10.47209 -3.603598
5.986018 10.29064 -3.1998
6.076792 10.10615 -2.665144
5.814032 10.47835 -2.029265
5.752084 10.10999 -1.576282
5.87728 10.30686 -1.125731
5.877582 9.42264 -0.6706
5.679699 9.908339 0.006746861
5.838501 9.578217 0.6170033
6.108182 9.424718 1.006049
6.58099 10.15609 -5.141951
6.53132 9.647193 -4.760158
6.725599 9.576379 -3.732498
6.846278 9.97034 -3.219875
6.696203 10.09312 -2.764491
6.916555 10.15407 -2.15019
6.88067 9.941721 -1.621271
6.650822 9.17612 -1.160882
6.84564 9.561327 -0.6079429
6.553934 9.33742 0.04486503
6.588567 8.655356 0.5977072
6.843288 8.003191 1.202342
7.692702 9.094023 -5.450147
7.36846 11.1101 -3.610689
7.529098 10.78165 -2.999537
7.44939 10.84217 -2.774694
7.47841 10.70043 -2.04135
7.627082 8.405331 -1.202622
7.787833 8.4849 -0.634535
7.480964 8.786322 -0.0505229
7.830018 8.369129 0.4315376
8.413962 10.68748 -3.05408
8.386115 10.30565 -2.487216
8.371786 10.45718 -2.174079
8.231894 10.62424 -1.418428
