-9.934239 9.891095 -0.4936397
-10.05246 11.5188 -0.0201273
-9.953086 12.18734 0.6862454
-9.935148 12.43166 1.062839
-9.696179 12.72328 1.448149
-10.19268 8.842565 1.92878
-9.756572 12.13605 2.579658
-9.045882 11.25882 -1.015765
-9.017925 11.34888 -0.5695236
-9.221604 12.08608 -0.03790316
-9.16645 12.37298 0.3936526
-8.855795 12.56757 1.115667
-9.08032 12.86089 1.378411
-8.840893 12.82448 2.082677
-8.806283 12.70596 2.706394
-9.131617 12.76123 3.040609
-9.089374 12.7135 3.611078
-9.298478 9.532783 4.044012
-8.163185 11.00973 -1.647095
-8.310078 11.25156 -1.199785
-8.428122 11.65096 -0.6010306
-8.3412 11.18342 0.1676587
-8.077538 12.02899 0.5980796
-8.253609 12.15815 0.8730258
-7.914531 12.89013 1.485709
-7.916739 12.85816 2.084873
-8.326817 13.0803 2.472757
-8.154449 13.52355 3.065692
-7.980066 13.60862 3.299298
-8.090807 13.71694 4.174015
-8.166495 13.5506 4.402975
-8.003549 5.356358 -2.649653
-7.936681 5.839156 -2.045322
-7.818766 6.144428 -1.520403
-7.592568 11.78324 -1.082929
-7.434123 12.85747 -0.3069629
-7.476555 11.75319 0.05802655
-7.455284 12.31202 0.4946629
-7.389554 12.30689 0.8943415
-7.421378 12.39388 1.459091
-7.215721 12.6509 2.068023
-7.200976 12.53863 2.503546
-7.817732 6.591979 3.148774
-7.179506 13.47383 3.391247
-7.135147 13.76858 3.909165
-7.342956 11.93271 4.65088
-7.392738 11.77091 5.147621
-7.515608 11.58185 5.528439
-6.650597 10.41838 -2.665585
-7.09732 6.060596 -2.20871
-6.40174 13.06311 -1.59578
-6.475984 13.60979 -1.166708
-6.602711 13.49498 -0.5135909
-6.442752 13.69836 -0.2088796
-6.54628 13.78897 0.3853075
-6.517383 12.516 1.176731
-6.315502 14.16202 1.525102
-6.182374 14.45976 1.871449
-6.832727 6.850183 3.030981
-6.178184 15.42614 3.395915
-6.133041 15.72045 3.906917
-6.12967 15.78431 4.567518
-6.413854 15.90688 4.714214
-6.398192 15.96889 5.390433
-6.059999 8.708956 -6.229058
-5.871829 9.218688 -5.824639
-6.032392 8.445953 -5.223617
-5.996285 9.292168 -4.828765
-5.847801 9.509899 -4.096939
-5.653721 10.33908 -3.639842
-5.8313 10.51651 -3.023306
-5.871492 10.47404 -2.46144
-6.000256 7.197909 -1.703296
-5.64006 13.24294 -1.005692
-5.637725 13.71986 -0.4624426
-5.485924 13.41953 -0.1131734
-5.456215 13.70502 0.5980411
-5.717922 12.45799 0.9091247
-5.814063 11.68196 1.624007
-5.728854 11.37004 2.113834
-5.659241 11.73503 2.691238
-5.801583 11.6236 3.043708
-5.667125 15.41926 3.459343
-5.47121 16.27298 3.753508
-5.466729 16.37609 4.546906
-5.565818 16.43553 4.769708
-5.514576 16.47593 5.317376
-5.527559 16.13828 5.881695
-4.925397 7.577883 -8.054977
-5.163254 8.647261 -7.521277
-5.077656 8.436121 -6.768314
-5.278138 8.840239 -6.349615
-5.037362 9.165662 -5.638123
-4.865636 9.094096 -5.315938
-5.037518 9.843614 -4.747215
-4.83473 10.37751 -4.2805
-4.833177 10.86138 -3.663289
-5.001944 10.98265 -3.247905
-4.905431 10.73056 -2.368404
-5.022514 9.476452 -1.892183
-5.192439 9.463366 -1.634907
-4.55393 15.36989 -1.011972
-5.232948 9.701613 -0.3639538
-4.708971 12.77346 0.04953316
-4.76282 13.10887 0.3989376
-4.733796 11.68045 1.147325
-4.73704 12.60008 1.531981
-4.76794 12.80403 2.154169
-4.924773 12.84687 2.417669
-4.826922 11.74722 3.176897
-4.765262 16.16831 3.579949
-4.527512 16.10399 3.81098
-4.564919 16.24353 4.355902
-4.492558 16.91849 4.816659
-4.752075 17.1424 5.302918
-4.499045 16.48837 5.95995
-4.376176 8.460318 -7.945601
-4.432071 8.884487 -7.454332
-4.355466 9.158839 -6.744977
-4.369178 8.979999 -6.363068
-4.088955 8.830939 -5.900782
-4.394775 8.860482 -5.320103
-4.115989 8.193996 -4.600781
-4.299178 6.840691 -4.480324
-4.48313 5.683125 -3.898355
-4.257117 10.06181 -3.22583
-3.832237 15.49484 -2.525752
-3.743601 15.7475 -1.988896
-3.921675 15.51433 -1.371773
-4.015618 15.71989 -0.8022944
-3.903919 15.56015 -0.6017964
-4.359053 6.869217 0.3722757
-4.177282 12.35251 1.115675
-3.995604 12.4374 1.536979
-4.103773 12.67348 1.815599
-4.046853 13.69482 2.649626
-3.948775 15.7578 3.001079
-3.854193 15.14994 3.498162
-3.93742 16.02657 4.022407
-3.82243 16.33685 4.390752
-3.68728 16.70591 4.819141
-3.661921 16.9748 5.254402
-3.987587 17.15055 5.948877
-3.999125 17.19536 6.253967
-4.008329 15.8955 6.686257
-3.52192 7.710615 -8.161499
-3.527206 7.928871 -7.364801
-3.457633 8.116735 -6.94495
-3.527529 8.274675 -6.194232
-2.988507 17.08011 -5.389141
-3.083314 17.81344 -4.75387
-3.040129 18.14972 -4.350715
-3.244469 17.98976 -3.758204
-3.205006 18.2402 -3.34606
-3.151486 16.84728 -2.655718
-3.264598 17.06212 -2.321816
-3.195109 15.93354 -2.158339
-3.119661 16.33975 -1.632289
-3.154829 16.1904 -1.036525
-2.945868 16.04109 -0.3945877
-3.117407 16.21384 -0.07513908
-3.422222 6.892997 0.7284064
-3.230654 12.68942 0.8049583
-3.349126 11.88459 1.702649
-3.291517 14.39873 1.819049
-3.313281 16.02875 2.454449
-3.119805 15.45476 2.835102
-3.141387 15.19122 3.458957
-3.261734 14.27015 3.975371
-3.165712 15.71346 4.335361
-3.212592 15.74384 4.708382
-3.138666 16.39374 5.243093
-3.296315 16.27536 5.929195
-3.059701 15.97326 6.471812
-3.516068 9.51956 7.36823
-3.345815 9.63017 7.897771
-3.499659 7.956013 8.967185
-3.391395 7.899985 9.532989
-2.517738 6.581412 -7.522504
-2.552713 14.3048 -6.499969
-2.410967 14.64868 -6.113589
-2.145048 18.22821 -5.350678
-2.449293 17.98555 -4.711995
-2.323315 18.10038 -4.251436
-2.12449 18.29652 -3.617851
-2.265447 17.95429 -3.345424
-2.423908 17.60295 -2.86585
-2.402905 17.39811 -2.408558
-2.246329 17.24638 -1.825637
-2.428201 16.67489 -1.41083
-2.193143 16.88489 -0.9180022
-2.327708 16.8736 -0.6720921
-2.329162 16.50936 -0.05101051
-2.350732 14.41913 0.4653383
-2.570356 8.898677 0.9718726
-2.231981 13.84087 1.483581
-2.270002 13.35203 2.105535
-2.216528 15.37879 2.272789
-2.488749 15.45596 2.806256
-2.394406 13.32711 3.361799
-2.352868 14.72236 3.727817
-2.302579 15.9336 4.475117
-2.385837 15.68643 4.926189
-2.278638 16.60879 5.424814
-2.492584 14.55738 5.962102
-2.419838 16.73393 6.119505
-2.285812 16.15141 6.867508
-2.70614 8.705355 7.847488
-2.664083 8.65057 8.265761
-2.520129 9.974478 8.995966
-2.380919 9.635256 9.273527
-2.79104 7.977624 10.13862
-1.73313 5.69051 -8.837591
-1.827201 6.551351 -8.035341
-1.461424 14.54657 -6.478744
-1.670023 14.92795 -6.052844
-1.667669 17.60343 -5.253986
-1.711586 18.45954 -4.793498
-1.296957 18.47679 -4.301579
-1.623601 18.14932 -3.671207
-1.462995 17.33975 -3.405818
-1.437746 17.53777 -2.804555
-1.388321 17.41052 -2.36401
-1.323308 17.95626 -1.851488
-1.553851 16.81196 -1.605653
-1.64112 18.26132 -0.9874175
-1.47981 15.88591 -0.5969644
-1.510112 16.49696 0.0179673
-1.547982 16.64308 0.5177696
-1.596471 14.61665 0.8390757
-1.551356 9.765558 1.501073
-1.784921 9.80998 1.997335
-1.613099 12.5317 2.386456
-1.701979 10.98025 3.089121
-1.668181 12.39366 3.572082
-1.596307 14.37659 3.960411
-1.656518 12.25675 4.797989
-1.645604 15.91995 4.812686
-1.586118 16.55192 5.187156
-1.548544 16.62714 5.867129
-1.540783 16.47619 6.148066
-1.6278 15.73816 7.024763
-1.791172 15.61243 7.275499
-1.653895 15.21329 7.863382
-1.628025 9.90401 8.843374
-1.788685 9.889834 9.265664
-1.689537 8.59396 10.133
-0.9139322 6.203529 -8.719834
-0.9639221 13.53569 -7.369734
-0.8620702 14.31997 -6.996414
-0.6826172 14.18389 -6.338595
-0.6013214 13.58087 -5.952296
-0.7040156 17.84054 -5.083241
-0.8280842 17.98482 -4.71971
-0.6307231 18.37209 -4.088533
-0.8440784 18.16731 -3.659832
-0.9866592 17.54464 -3.4008
-0.9332976 17.81723 -2.968216
-0.917138 17.87963 -2.550727
-0.9214113 18.04666 -1.912815
-0.7206588 18.36492 -1.446378
-0.5966632 18.59335 -0.9800311
-0.7926855 14.81311 -0.7182568
-0.6378992 16.20893 0.1417792
-0.7156956 16.25792 0.500726
-0.9035459 14.40306 0.9288653
-0.6733633 15.81664 1.353198
-0.77378 5.569584 2.680856
-0.7760433 5.155251 3.335989
-0.8318697 13.01127 3.570112
-0.7505962 15.02103 3.802844
-0.6087094 14.65522 4.413063
-0.7506168 15.77957 5.104261
-0.8750479 16.08769 5.384805
-0.8997402 15.90036 5.822757
-0.6586845 15.88649 6.341318
-0.9060425 16.11249 6.674034
-0.6852703 16.07437 7.373408
-0.8101043 15.19057 7.81442
-0.8215921 14.74114 8.590648
-0.8885905 9.793003 9.558138
-0.6971201 9.305756 9.927542
0.05713033 14.02232 -7.418815
0.01544198 14.33635 -6.959024
0.1476521 14.29713 -6.441437
-0.08655517 15.414 -6.061464
0.07145962 15.07093 -5.395078
0.02118339 17.38113 -4.902701
0.1724242 17.85959 -4.190515
-0.03535536 18.14898 -3.814249
0.04242001 17.70324 -3.382936
0.1613297 17.58495 -2.823026
0.1185475 17.90714 -2.468442
0.1983519 17.80976 -2.002276
-0.05666179 18.02544 -1.226941
0.0947056 16.21598 -0.9159452
-0.1205831 17.3026 -0.36667
-0.09371954 18.44716 0.1560626
-0.1128972 16.15834 0.5348045
-0.08898275 16.38804 0.8905634
-0.0620851 16.48321 1.606628
0.03283137 16.25684 2.019662
-0.1147319 13.91177 2.540395
0.03035078 14.39468 2.872253
-0.09218965 14.44138 3.538203
-0.03368697 15.09364 3.702432
-0.1781545 15.48708 4.422989
-0.1569955 15.21186 4.849757
0.06724657 15.07619 5.406511
-0.1180094 16.14532 5.799728
0.146528 16.11518 6.237024
-0.05861024 15.64606 6.80005
-0.0017108 15.61222 7.081419
0.05741999 15.20483 7.995457
-0.06549689 9.083434 8.771978
-0.1412107 8.77514 9.61165
0.01174841 8.568378 10.13165
0.7220793 14.40506 -7.120772
0.5943689 15.10926 -6.315922
0.7717838 15.27146 -5.634915
1.010996 15.1565 -5.462288
0.7418616 17.96047 -4.761632
0.984067 18.269 -4.259592
0.7463034 18.0955 -3.664961
0.661379 18.08475 -3.231237
0.6260889 17.94858 -2.922573
0.6735634 17.01413 -2.496766
0.7407257 17.0087 -1.781208
0.9491141 17.46102 -1.424455
0.9404411 18.39788 -0.9011176
0.5773435 18.43332 -0.524353
0.7162507 18.32408 -0.01732798
0.5972712 18.41487 0.3150204
0.8466989 16.28324 0.7957399
0.8655021 15.88861 1.588129
0.8705164 13.42287 1.984674
0.7085115 16.95807 2.452592
0.6766454 17.46316 2.928478
0.7274664 15.06846 3.313974
0.7585174 16.52611 3.897541
0.7702706 16.00999 4.593413
0.7988258 13.18064 5.122296
0.7081258 15.41083 5.5965
0.8034304 15.82106 5.803821
0.636116 16.14236 6.265623
0.5938881 16.44301 6.825064
0.8053511 16.78396 7.035138
0.7245039 16.47445 7.593614
0.6986305 16.02141 8.089603
0.8671315 9.285065 9.333203
0.8434213 8.275913 10.02462
1.766602 13.87301 -6.889366
1.394947 14.46889 -6.401041
1.613822 14.76602 -6.111852
1.763463 14.73579 -5.488822
1.640296 14.24424 -4.92758
1.747138 17.76083 -4.241992
1.474908 18.36488 -3.80921
1.412673 18.15153 -3.310664
1.718964 17.80507 -2.880467
1.346086 17.50659 -2.444419
1.323491 16.78224 -1.889032
1.563124 16.65087 -1.208612
1.333849 17.09648 -0.9453194
1.485376 16.96811 -0.6004399
1.672768 17.18482 -0.07564399
1.430483 17.31692 0.4563626
1.52282 18.10734 1.010261
1.539151 18.22817 1.347924
1.51467 18.29128 1.765173
1.571529 17.66139 2.488022
1.390776 16.62384 2.927851
1.667818 16.58464 3.16519
1.592716 15.0841 3.901448
1.358035 14.56642 4.436741
1.648576 14.54348 4.741167
1.67816 15.8919 5.331561
1.618121 16.05578 5.839222
1.556501 16.42463 6.139319
1.465413 16.70201 6.593847
1.675543 16.80856 7.361773
1.73057 16.86046 7.709054
1.522156 9.008919 8.930511
1.64664 9.099641 9.317609
1.494573 8.724028 10.01758
2.27197 13.97014 -6.85865
2.455769 14.62674 -6.259781
2.561457 15.04816 -5.795019
2.517256 14.51424 -5.430065
2.27164 14.43554 -4.830008
2.35995 14.21891 -4.526424
2.223052 18.14858 -3.760161
2.269982 18.11268 -3.224009
2.071238 18.10539 -2.807381
2.379286 17.4243 -2.365537
2.523479 16.81613 -1.941486
2.419434 14.83201 -1.456813
2.340241 16.57173 -1.111835
2.509653 8.196906 -0.7254159
2.403169 17.69 0.1857007
2.285536 17.75771 0.4620418
2.247882 18.11886 0.8046817
2.409384 18.38858 1.579255
2.284761 18.34682 1.93069
2.144709 17.9936 2.24506
2.311058 17.74292 2.979194
2.4007 16.81237 3.429021
2.272089 15.73632 3.883766
2.504428 16.01626 4.326964
2.269034 16.9454 4.924984
2.357507 16.97664 5.140986
2.334455 16.35426 5.664055
2.591634 8.673597 6.658481
2.12862 16.05486 6.840592
2.388296 16.47919 7.322231
2.204692 16.09562 7.692703
3.152619 14.80001 -6.265591
3.405038 14.73595 -5.880175
3.151489 14.4587 -5.264753
3.497709 9.120997 -5.370112
3.104504 14.22197 -4.304924
3.220793 14.7619 -4.080475
3.379556 14.73544 -3.351854
3.268494 14.61629 -2.754394
3.171686 11.01196 -2.431367
3.616127 8.073856 -1.563456
3.177373 16.85025 -0.78529
2.892387 16.39454 -0.5828006
3.100341 17.69763 0.1141602
3.181762 18.03618 0.3563388
2.968728 18.17849 0.9058592
3.086128 18.33688 1.595849
3.169927 18.05247 1.880336
3.304374 13.26102 2.532264
2.907073 15.92848 2.968028
3.141555 16.01701 3.162458
3.315222 16.03399 3.742895
3.339623 15.48861 4.350988
2.892946 16.93968 4.895527
3.225055 16.92979 5.135681
3.274212 16.45639 5.860113
3.562491 4.563157 7.251864
4.012007 10.3069 -5.585769
4.080931 10.54993 -5.141085
4.344057 8.420547 -4.667021
4.110784 9.881103 -4.161044
4.106918 11.47685 -3.64078
4.031531 11.74636 -3.041139
4.286875 11.39263 -2.55561
4.14367 11.32309 -2.230787
4.161081 11.15506 -1.72519
4.382788 8.550929 -1.0824
4.258296 9.896676 -0.6684399
4.324018 9.935366 0.1222491
4.243454 10.29114 0.4616514
3.835592 13.5064 2.010499
4.07912 13.3112 2.548761
4.195061 13.21127 2.9967
3.808106 15.7748 3.567463
3.8379 15.75423 3.914211
4.092741 12.90074 4.3001
4.96804 9.823913 -6.369295
5.001679 10.02567 -5.524794
5.0031 10.28496 -5.149016
5.057126 10.09387 -4.830339
5.211145 10.00563 -4.154724
5.105385 9.959637 -3.688143
5.054293 9.549206 -2.965824
4.958845 11.1788 -2.54277
5.05204 11.19647 -2.229318
5.270564 9.691533 -0.4968769
4.9737 9.543517 -0.02965156
5.071599 9.802141 0.4948239
5.040705 9.618872 0.9041421
4.931662 9.512388 1.473123
6.086058 9.153209 -6.276443
5.96263 10.25974 -5.538717
5.994726 10.2382 -5.312802
5.798322 10.22005 -4.515451
5.722335 10.14919 -4.251299
5.669065 10.26042 -3.592623
5.968185 10.27167 -3.112172
5.956093 10.07777 -2.737082
5.921658 10.83076 -2.083021
6.009125 9.802055 -1.644118
5.932021 9.86787 -1.083994
5.896244 9.646882 -0.5931585
5.919961 9.843422 -0.226947
5.956465 9.754569 0.6273434
5.879841 9.497964 1.129477
6.611706 10.03796 -5.365392
6.617448 9.674553 -4.622105
6.759111 9.503469 -3.636301
6.881687 9.896212 -3.247465
6.664456 10.32977 -2.560553
6.872088 10.25778 -2.076966
6.838439 10.13556 -1.570994
6.767741 9.47787 -1.142274
6.821999 9.607606 -0.560693
6.845687 9.345102 -0.1814177
6.918436 8.581547 0.5206936
6.737715 8.280607 0.990445
7.715813 8.928164 -5.193258
7.631763 11.04709 -3.631905
7.349616 10.71756 -3.256326
7.445071 10.87098 -2.635664
7.555194 10.58404 -1.884817
7.714998 8.43262 -1.093105
7.791861 8.410315 -0.418131
7.608608 8.51921 0.005653728
7.71896 8.33951 0.7476239
8.416668 10.62793 -3.061891
8.433764 10.11205 -2.712826
8.443693 10.51168 -2.182893
8.408358 10.55545 -1.754606
