-10.09914 9.783251 -0.4972949
-9.883105 11.60543 0.08317286
-9.919476 12.27575 0.5502573
-9.850188 12.46577 1.045816
-9.844588 12.60922 1.634547
-10.22457 8.774591 2.183172
-9.991179 12.09916 2.364986
-9.266418 11.26031 -1.048335
-9.196469 11.36448 -0.6979336
-9.19901 11.86478 -0.07093973
-8.926377 12.48389 0.2958157
-8.988419 12.7736 0.853521
-8.760137 12.97293 1.594268
-9.135715 12.61334 2.013485
-9.117695 12.67827 2.618386
-8.923567 13.01006 3.150486
-9.038571 12.88257 3.451663
-9.300322 9.348406 4.130064
-8.308557 10.98933 -1.53007
-8.271493 11.34122 -0.9284108
-8.28612 11.77796 -0.3817143
-8.151374 11.3629 -0.09465095
-8.197101 11.93118 0.3542976
-8.181174 12.09332 1.121682
-8.002151 12.62983 1.595478
-8.128915 12.82528 1.98082
-8.133208 13.16175 2.567943
-8.008146 13.34587 2.784215
-8.029077 13.6205 3.557274
-7.966946 13.75005 3.746252
-8.196763 13.48044 4.337759
-7.866343 5.662883 -2.857793
-7.782639 6.08843 -2.013752
-7.874842 5.747469 -1.734167
-7.25318 12.0028 -1.167936
-7.108375 12.90136 -0.632686
-7.454075 11.62408 -0.1760312
-7.449762 12.34775 0.4295453
-7.247167 12.40254 1.116589
-7.187492 12.32589 1.433215
-7.229761 12.61464 1.838223
-7.319608 12.35723 2.365406
-8.045322 6.314397 3.165166
-7.138579 13.54069 3.31495
-7.267713 13.7731 4.207026
-7.41642 11.91962 4.359932
-7.408146 11.6098 5.0237
-7.307245 11.36022 5.456451
-6.471868 10.44311 -2.620143
-6.983996 5.794847 -2.129967
-6.561964 13.23355 -1.397833
-6.255234 13.46892 -1.081595
-6.414755 13.23889 -0.3938766
-6.489149 13.76393 0.06944963
-6.440411 13.73906 0.3648553
-6.539644 12.63111 0.9557974
-6.387126 14.40826 1.321323
-6.332235 14.60341 2.148028
-6.973423 6.893929 3.195806
-6.414974 15.31864 3.614093
-6.439491 15.53696 3.972738
-6.105499 15.91567 4.483856
-6.072506 16.0436 4.84152
-6.46232 15.83506 5.297853
-6.025304 9.054294 -6.335199
-5.968023 9.214941 -5.573694
-5.866729 8.620174 -5.477194
-5.797684 9.221078 -4.655883
-6.031743 9.406958 -4.118779
-5.678734 10.43523 -3.758481
-5.684717 10.58926 -3.009272
-5.854686 10.49924 -2.738673
-5.907567 7.027728 -1.787265
-5.725887 13.30183 -1.226621
-5.436495 13.43098 -0.575873
-5.795743 13.62182 -0.04835729
-5.816943 13.67041 0.5645444
-5.781188 12.59569 0.9626789
-5.776092 11.88688 1.61142
-5.739599 11.66048 2.128852
-5.841767 11.51366 2.698024
-5.609036 11.62209 3.006867
-5.591537 15.49687 3.415264
-5.559589 16.27769 3.855699
-5.510501 16.06075 4.290005
-5.603684 16.4452 4.76247
-5.475338 16.83208 5.132648
-5.397168 16.40117 5.797421
-5.12236 7.581645 -7.919624
-4.920073 8.554362 -7.30323
-4.995073 8.723087 -6.664092
-5.256462 8.944621 -6.271362
-4.992575 9.122943 -5.588085
-5.026927 9.131012 -5.453866
-4.858528 9.806955 -4.828902
-4.997836 10.37941 -4.039559
-5.107893 10.91646 -3.649434
-4.780156 10.85508 -3.153432
-5.1493 10.73757 -2.627815
-5.111877 9.418312 -2.313335
-5.249155 9.349909 -1.646742
-4.655149 15.55127 -0.9679993
-5.109294 9.620001 -0.7157733
-4.722471 12.91809 -0.1101506
-4.873891 12.91268 0.2769825
-4.878112 11.68927 0.9990483
-4.983677 12.65804 1.593633
-4.756806 12.72802 2.20034
-5.077951 12.67741 2.406253
-4.99966 11.69934 3.191427
-4.652352 16.12115 3.445069
-4.449161 16.08528 3.909014
-4.707299 15.98584 4.364066
-4.805834 16.9194 4.739609
-4.654033 17.27104 5.109979
-4.789905 16.56654 5.59401
-4.378462 8.296118 -7.781111
-4.240287 8.820931 -7.516169
-4.123825 9.10096 -6.761005
-4.203482 8.94672 -6.167265
-4.198921 8.692765 -5.584517
-4.364096 8.887156 -5.334989
-4.211594 8.352901 -4.752754
-4.35801 6.788101 -4.236651
-4.445096 5.787681 -3.889838
-4.084883 10.00599 -3.258418
-4.058599 15.49079 -2.274938
-3.711154 15.65698 -2.025399
-4.017592 15.54226 -1.427028
-4.14082 15.68529 -1.047451
-3.852734 15.37366 -0.6376759
-4.468723 6.875097 0.3899274
-4.000696 12.36366 1.086946
-4.25809 12.6675 1.658254
-3.983697 12.85215 2.028781
-4.154184 13.54313 2.430276
-3.919776 15.72347 2.847582
-3.965176 15.21989 3.487717
-4.011006 16.24323 3.724991
-3.919633 16.22784 4.162422
-4.020471 16.9533 4.812957
-3.833483 17.05823 5.441712
-3.892575 17.00272 5.657218
-3.888989 17.43468 6.198356
-3.808908 15.68781 6.759129
-3.665589 7.692119 -7.989019
-3.468276 7.954596 -7.604283
-3.453671 8.361978 -6.681884
-3.253415 8.128928 -6.502378
-2.990417 17.0824 -5.168542
-3.16983 17.55976 -4.954017
-3.015315 17.92062 -4.113557
-3.179595 17.97688 -3.905019
-2.933194 18.25252 -3.509097
-3.198029 16.84664 -2.805179
-3.087774 17.42973 -2.299065
-3.012658 15.98271 -1.820801
-3.034396 16.23109 -1.500933
-3.099193 16.04962 -0.8827719
-3.253191 16.25189 -0.3921253
-2.956699 16.09318 -0.08844148
-3.536056 6.933232 0.7078923
-3.270949 12.77116 0.86748
-3.121529 11.97132 1.440258
-3.268431 14.4319 2.11955
-3.057917 15.91161 2.52417
-2.955731 15.45964 2.82396
-2.934714 15.05253 3.462824
-2.993522 14.44943 4.089115
-3.148063 15.4514 4.551707
-3.282223 15.42769 4.861433
-3.098498 16.65625 5.280417
-3.21228 16.29873 5.651589
-3.11884 15.94954 6.288381
-3.408038 9.835567 7.263382
-3.259862 9.563286 7.935956
-3.317796 7.965508 9.099443
-3.524747 7.920974 9.603625
-2.601148 6.621454 -7.541575
-2.192315 14.34788 -6.432935
-2.484182 14.69761 -6.136369
-2.203011 17.99615 -5.394427
-2.301828 18.27431 -4.710966
-2.202157 18.02815 -4.287888
-2.213996 18.19953 -4.000174
-2.272743 18.31827 -3.246362
-2.208666 17.72996 -2.951838
-2.101838 17.32071 -2.491067
-2.071468 17.1006 -1.877399
-2.43662 16.93761 -1.531892
-2.212539 17.07547 -0.936979
-2.139875 17.14309 -0.485068
-2.578735 16.37776 0.05850957
-2.338659 14.31665 0.5317726
-2.735228 9.000861 0.9886365
-2.604326 13.9269 1.58805
-2.505813 13.42893 1.974926
-2.370497 15.32666 2.311637
-2.290524 15.41614 3.000347
-2.528372 13.39168 3.331307
-2.292684 15.0276 3.859595
-2.501733 15.90245 4.409623
-2.484838 16.02559 4.764702
-2.371154 16.42705 5.509001
-2.444983 14.44194 5.854672
-2.318013 16.5122 6.333807
-2.446055 16.31661 6.901445
-2.538816 8.635459 8.072074
-2.56602 8.802374 8.474874
-2.599333 10.28282 8.844622
-2.473607 9.833038 9.506156
-2.529897 8.131198 10.07154
-1.536073 5.807602 -8.69838
-1.628621 6.49672 -8.026456
-1.699883 14.29997 -6.243571
-1.612873 14.96945 -5.942546
-1.472768 17.71039 -5.194355
-1.594362 18.42178 -4.63262
-1.65441 18.58188 -4.26319
-1.63391 18.23276 -3.894421
-1.570337 17.15747 -3.264292
-1.556416 17.79661 -2.909948
-1.3927 17.44939 -2.319787
-1.341128 17.88208 -1.876218
-1.589042 16.85843 -1.208078
-1.633053 18.328 -0.8866626
-1.628927 15.82966 -0.2971605
-1.584342 16.49489 -0.1621869
-1.65299 16.33786 0.3968973
-1.755488 14.49432 1.037143
-1.819753 9.680377 1.52132
-1.716074 9.847572 2.023894
-1.519445 12.65514 2.482981
-1.838408 11.11719 3.03296
-1.696871 12.36801 3.542464
-1.743714 14.27453 3.9206
-1.587643 12.23849 4.800524
-1.483337 15.78876 4.788847
-1.6097 16.38891 5.286531
-1.340564 16.57976 5.687118
-1.610518 16.44053 6.331722
-1.530745 15.75015 6.610771
-1.611471 15.49326 7.204812
-1.547868 15.18543 7.775395
-1.851403 10.14209 8.789178
-1.485729 9.935197 9.333558
-1.596669 8.580865 10.03099
-0.7798688 6.269996 -8.607968
-0.7713 13.78329 -7.562419
-0.7029026 14.27465 -7.061866
-0.7998835 14.12698 -6.494025
-0.6996624 13.36143 -5.943511
-0.6748582 17.59252 -5.212621
-0.7745781 18.1526 -4.873017
-0.6553576 18.43921 -4.261452
-0.843562 18.33702 -3.801674
-0.7396204 17.51289 -3.559593
-0.838981 17.65907 -2.637664
-0.9128914 17.83336 -2.515847
-0.7647576 18.09691 -1.681928
-0.9112893 18.29655 -1.277447
-0.918188 18.40931 -0.9708509
-0.9696489 14.86452 -0.4322785
-0.7406513 16.22987 -0.1972689
-0.7785547 16.1727 0.3925599
-0.8323339 14.39441 0.7923484
-0.9451609 15.86243 1.478552
-0.9839532 5.333949 2.80953
-0.7749261 5.157613 3.282381
-0.8869594 12.90258 3.336956
-0.8503081 15.18955 3.813151
-1.016447 14.79047 4.484365
-0.843909 15.58207 4.731646
-0.9494556 15.9692 5.377135
-0.7055218 16.06408 5.925475
-0.6920277 16.28223 6.210948
-0.8264462 16.24682 6.968286
-0.782362 16.07236 7.154655
-0.9549304 15.21335 7.661244
-0.8340604 14.81441 8.288662
-0.7444864 9.797471 9.232738
-0.9091884 9.310622 10.11571
-0.08939087 13.88796 -7.448296
0.1405289 14.09906 -7.01293
-0.00117275 14.08462 -6.434591
-0.05149523 15.19044 -5.885574
0.1631074 15.00978 -5.452322
0.196384 17.52575 -4.897296
-0.1763414 17.86187 -4.11316
0.04084957 18.12629 -3.904739
0.01705423 17.75992 -3.469844
-0.03610596 17.93768 -2.727952
0.05932552 17.91941 -2.352025
0.08715503 17.80287 -1.873043
-0.04450946 18.01219 -1.339608
-0.1029385 16.44584 -0.8386236
0.1242212 17.02724 -0.5449204
-0.08129145 18.34073 0.1026908
-0.1120666 15.81031 0.436064
-0.03594442 16.40852 0.8707588
0.08430097 16.24085 1.550008
-0.09147162 16.30305 2.055955
-0.1019968 13.77683 2.349103
-0.03930151 14.38224 2.746663
0.1155606 14.62839 3.530973
-0.1486771 15.24505 3.855154
-0.03438796 15.37965 4.287124
0.04703085 15.38647 5.089733
0.1564002 15.15635 5.297731
-0.05930104 16.22679 5.651079
-0.006646185 16.25342 6.362731
-0.1260587 16.01542 6.780094
-0.124049 15.79145 7.190795
-0.1464559 15.16574 7.74951
0.1439137 8.821982 9.033436
-0.2139342 8.69912 9.605316
-0.01562839 8.378916 9.827488
0.6633911 14.47945 -7.009316
0.6732368 14.82395 -6.311212
0.6788802 15.20109 -5.837802
0.6162825 15.09919 -5.335691
0.7799686 17.90298 -4.582061
0.9267384 18.04029 -4.181671
0.6684747 18.01324 -3.958274
0.9157078 18.26227 -3.187006
0.8053284 18.06187 -2.966671
0.9439073 17.26603 -2.48138
0.9530036 17.12974 -1.868268
0.72238 17.24696 -1.522009
0.7355712 18.44071 -0.9616495
0.8137825 18.39488 -0.5479323
0.7472854 18.4598 0.03061879
0.6883129 18.60779 0.5266699
0.9337117 16.47557 1.023082
0.6843575 15.77486 1.298578
0.8069593 13.55299 1.943896
0.9057353 17.20723 2.402126
0.7767249 17.27682 2.895435
0.6438293 15.17096 3.579431
0.694365 16.63773 3.735118
0.8527177 15.95341 4.517886
0.7391874 13.18202 5.050893
0.7914479 15.35793 5.431433
0.7973317 16.02485 5.772615
0.6902993 16.11661 6.476273
0.679121 16.40502 6.898245
0.725709 16.5819 7.097413
0.8533879 16.75807 7.63036
0.8845404 16.29868 8.347765
0.8045754 9.3421 9.495182
0.9581939 8.443452 10.23069
1.594492 13.90791 -6.748778
1.463287 14.54688 -6.496364
1.647452 14.78656 -5.898901
1.680398 14.53855 -5.230707
1.698572 14.43385 -4.871601
1.672382 17.90161 -4.300913
1.429793 18.18969 -3.824214
1.635373 18.18565 -3.13339
1.381316 17.99241 -2.861199
1.496717 17.47128 -2.391057
1.537802 16.75233 -1.878779
1.456643 16.67728 -1.638103
1.718437 17.10231 -1.134316
1.59122 17.1856 -0.6651984
1.36263 17.04175 0.007934621
1.554228 17.55593 0.3463247
1.316586 17.89623 1.055138
1.666662 17.84518 1.324645
1.352143 18.12769 2.016999
1.373276 17.69822 2.398497
1.475093 16.78295 2.83981
1.610241 16.46299 3.523595
1.782349 14.78171 3.891794
1.659799 14.60295 4.654105
1.579761 14.54067 5.015984
1.575786 15.67854 5.550777
1.700464 16.03382 6.015872
1.742696 16.41535 6.150423
1.448141 16.64024 6.530429
1.401256 16.69594 7.281236
1.35803 16.731 7.547398
1.494098 8.958979 8.891127
1.722947 8.902225 9.578749
1.58333 8.491277 9.988116
2.198757 14.10149 -6.950746
2.453884 14.5134 -6.288399
2.465995 15.05209 -5.739048
2.318616 14.31179 -5.429739
2.402778 14.30383 -4.75609
2.290875 14.51961 -4.490967
2.228266 17.89863 -3.779068
2.369756 18.04417 -3.206669
2.210574 17.93898 -2.79215
2.204186 17.53129 -2.550262
2.307149 16.56455 -1.910895
2.307222 14.716 -1.379446
2.123385 16.70943 -0.947979
2.600317 7.931058 -0.4862008
2.203452 17.79552 0.1611981
2.309792 17.771 0.3580118
2.301978 18.15581 1.044804
2.45557 18.23312 1.276032
2.238305 18.39878 1.71708
2.390431 18.2395 2.322702
2.272048 17.86365 3.024591
2.27882 16.48483 3.239249
2.354154 15.79184 3.768264
2.554678 15.77769 4.306479
2.342892 16.74478 4.9354
2.243754 16.94468 5.492234
2.32169 16.23841 5.898921
2.550074 8.826055 7.00646
2.400059 16.18379 6.746186
2.451078 16.53773 7.087405
2.253609 15.98976 7.752655
3.060105 14.62343 -6.395442
3.368509 14.68764 -6.013061
3.008738 14.39561 -5.509861
3.386254 8.86372 -5.197945
3.214075 14.3228 -4.439385
3.347716 14.83595 -4.063014
3.084805 14.73561 -3.218644
3.235613 14.59882 -2.983924
3.309127 10.98505 -2.580481
3.441274 8.082005 -1.674766
3.019525 17.03516 -0.8885522
3.004361 16.50807 -0.3426139
2.890625 18.02502 -0.04283987
3.07976 18.04185 0.3421201
3.073072 18.31755 0.9160237
2.974298 18.43106 1.268058
2.941811 18.28016 1.88101
3.3194 13.43456 2.604997
3.133748 15.86878 3.077911
3.216333 15.89086 3.434307
3.285523 16.00908 3.949609
3.069862 15.41647 4.333909
3.003338 17.22032 4.82532
3.287502 16.92619 5.174727
3.080875 16.2852 5.760679
3.589812 4.332866 7.205024
4.087004 10.38895 -5.858201
4.343138 10.40343 -5.315714
4.053252 8.4891 -4.794219
4.020838 9.982656 -4.242815
3.943213 11.60168 -3.607203
4.204167 11.37846 -2.992797
4.062859 11.23961 -2.785892
4.265759 11.09977 -2.10325
4.033218 11.06313 -1.402009
4.394681 8.464159 -1.03065
4.336717 10.1172 -0.4930225
4.122653 9.805558 -0.05323943
3.971707 10.11938 0.5965755
4.019741 13.6007 2.153079
3.983603 13.16269 2.606801
3.977204 13.16114 3.097717
3.918892 15.82524 3.629579
3.96609 15.6861 3.864832
3.865848 12.96945 4.60528
4.989248 9.869167 -6.066879
4.906371 10.25473 -5.656912
5.089101 10.18048 -5.233395
5.080738 10.3441 -4.528102
4.896258 9.965562 -4.184313
4.891086 10.03814 -3.644243
5.022237 9.337546 -3.091036
4.890618 11.03916 -2.339261
4.857449 11.19359 -2.007558
4.975031 9.534589 -0.6540276
4.975678 9.728168 -0.1190891
5.02696 9.443199 0.6283891
5.029091 9.607581 0.9753851
4.895493 9.705036 1.635834
6.054876 9.203054 -6.311237
5.985173 10.19857 -5.7492
5.748884 10.09682 -5.253969
5.897247 10.11965 -4.505819
5.87981 10.02329 -4.209471
5.953419 10.39705 -3.553791
6.004502 10.30664 -3.036226
5.896579 10.17734 -2.620606
5.766329 10.78352 -1.960775
5.84561 9.830671 -1.774668
5.80246 9.970586 -1.056025
6.019584 9.523932 -0.5831403
5.82831 9.73381 -0.1114571
5.901272 9.9192 0.4693776
5.841223 9.52495 1.034143
6.608543 10.13746 -5.172549
6.608625 9.528278 -4.57405
6.520285 9.633858 -3.700919
6.530414 9.884179 -3.247816
6.81904 10.11166 -2.585216
6.689153 10.06787 -2.275489
6.776806 9.917257 -1.614748
6.654047 9.388812 -0.8435984
6.917093 9.439223 -0.5946215
6.829816 9.557472 0.07979798
6.733626 8.697867 0.3559039
6.884252 8.188731 0.9207104
7.550675 9.09728 -5.024799
7.612561 10.91298 -3.470791
7.362915 10.54648 -3.043815
7.402424 10.68446 -2.391316
7.357247 10.33486 -1.943612
7.862813 8.427807 -1.184888
7.729492 8.494554 -0.6640249
7.535544 8.752537 -0.1070769
7.739382 8.506606 0.5291341
8.495504 10.76983 -2.964791
8.463829 10.32299 -2.540147
8.228714 10.46037 -2.140114
8.525416 10.5437 -1.414555
